﻿Kontoform:,Allkonto,,Clearingnummer:,,,,,
Saldo:,"55,50",,,,,,,
,,,,,,,,
Period: 2022-01-01 till 2023-07-20  Transtyp: Alla  Belopp: Alla  Antal transaktioner: 177,,,,,,,,
,,,,,,,,
Reskontradatum,,Transaktionsdatum,,Text,,Belopp,,Saldo
6/25/2023,,6/25/2023,,Handtvål,,"-180,00",,"55,50"
5/30/2023,,5/31/2023,,739147617,,"-1 674,00",,"235,50"
5/29/2023,,5/29/2023,,ACTIC,,"-379,00",,"1 909,50"
5/29/2023,,5/29/2023,,RÄDDA BARNEN,,"-225,00",,"2 288,50"
5/25/2023,,5/25/2023,,RäddaBarnen,,"250,00",,"2 513,50"
5/25/2023,,5/25/2023,,Actic,,"359,00",,"2 263,50"
5/25/2023,,5/25/2023,,LånLägenhetKör,,"1 700,00",,"1 904,50"
5/15/2023,,5/15/2023,,Paesano,,"-300,00",,"204,50"
5/15/2023,,5/15/2023,,Mat,,"-150,00",,"504,50"
5/15/2023,,5/15/2023,,Amortering,,"-1 424 846,00",,"654,50"
5/6/2023,,5/6/2023,,Överf Mobil,,"-14,00",,"1 425 500,50"
4/30/2023,,5/2/2023,,739147617,,"-1 598,00",,"1 425 514,50"
4/28/2023,,4/28/2023,,RäddaBarnen,,"250,00",,"1 427 112,50"
4/28/2023,,4/28/2023,,Actic,,"359,00",,"1 426 862,50"
4/28/2023,,4/28/2023,,Slutlikvid,,"1 418 981,00",,"1 426 503,50"
4/28/2023,,4/28/2023,,ACTIC,,"-359,00",,"7 522,50"
4/28/2023,,4/28/2023,,RÄDDA BARNEN,,"-225,00",,"7 881,50"
4/27/2023,,4/27/2023,,Överf Mobil,,"-200,00",,"8 106,50"
4/20/2023,,4/20/2023,,MatExtra,,"-45,00",,"8 306,50"
4/20/2023,,4/20/2023,,SparMysGefleMe,,"-2 300,00",,"8 351,50"
4/17/2023,,4/17/2023,,Apotea,,"-1 500,00",,"10 651,50"
4/15/2023,,4/15/2023,,Mat,,"-2 000,00",,"12 151,50"
4/9/2023,,4/9/2023,,ExtraSol,,"-100,00",,"14 151,50"
4/8/2023,,4/8/2023,,PiffChanel,,"-2 400,00",,"14 251,50"
4/7/2023,,4/7/2023,,GefleMetal,,"-20 000,00",,"16 651,50"
4/6/2023,,4/6/2023,,MoeJoes,,"-400,00",,"36 651,50"
4/6/2023,,4/6/2023,,Stadshypoteket,,"-12 500,00",,"37 051,50"
4/4/2023,,4/4/2023,,SK7408031446,,"18 805,00",,"49 551,50"
4/4/2023,,4/4/2023,,SK7612184916,,"2 077,00",,"30 746,50"
4/3/2023,,4/3/2023,,HS 17136480,,"-894,00",,"28 669,50"
4/2/2023,,4/2/2023,,Ön,,"-2 000,00",,"29 563,50"
4/2/2023,,4/2/2023,,Kattsaker,,"-2 800,00",,"31 563,50"
4/2/2023,,4/2/2023,,KringFlytt,,"-1 300,00",,"34 363,50"
3/31/2023,,3/31/2023,,Tillträde,,"-137 159,00",,"35 663,50"
3/30/2023,,3/31/2023,,739147617,,"-1 610,00",,"172 822,50"
3/30/2023,,3/30/2023,,Lägenhet,,"40 000,00",,"174 432,50"
3/28/2023,,3/28/2023,,ACTIC,,"-359,00",,"134 432,50"
3/28/2023,,3/28/2023,,RÄDDA BARNEN,,"-225,00",,"134 791,50"
3/24/2023,,3/24/2023,,HyraApril,,"1 000,00",,"135 016,50"
3/24/2023,,3/24/2023,,Lånöveebryggni,,"1 700,00",,"134 016,50"
3/24/2023,,3/24/2023,,Actic,,"359,00",,"132 316,50"
3/24/2023,,3/24/2023,,RäddaBarnen,,"250,00",,"131 957,50"
3/9/2023,,3/8/2023,,HP83277GE,,"131 500,00",,"131 707,50"
3/1/2023,,3/1/2023,,HS 17136480,,"-894,00",,"207,50"
3/1/2023,,3/1/2023,,ACTIC,,"-359,00",,"1 101,50"
2/28/2023,,2/28/2023,,RÄDDA BARNEN,,"-225,00",,"1 460,50"
2/28/2023,,2/28/2023,,739147617,,"-1 484,00",,"1 685,50"
2/27/2023,,2/27/2023,,Actic,,"359,00",,"3 169,50"
2/27/2023,,2/27/2023,,RäddaBarnen,,"250,00",,"2 810,50"
2/24/2023,,2/24/2023,,Stadshypoteket,,"1 000,00",,"2 560,50"
2/19/2023,,2/19/2023,,GammalÖvertras,,"1 500,00",,"1 560,50"
2/6/2023,,2/6/2023,,Deo,,"-200,00",,"60,50"
2/1/2023,,2/1/2023,,HS 17136480,,"-894,00",,"260,50"
1/30/2023,,1/31/2023,,739147617,,"-3 677,00",,"1 154,50"
1/30/2023,,1/30/2023,,ACTIC,,"-359,00",,"4 831,50"
1/30/2023,,1/30/2023,,RÄDDA BARNEN,,"-225,00",,"5 190,50"
1/25/2023,,1/25/2023,,Stadshypoteket,,"1 000,00",,"5 415,50"
1/25/2023,,1/25/2023,,RäddaBarnen,,"250,00",,"4 415,50"
1/25/2023,,1/25/2023,,Actic,,"359,00",,"4 165,50"
1/25/2023,,1/25/2023,,HandpenningLån,,"3 800,00",,"3 806,50"
1/5/2023,,1/5/2023,,Överf Mobil,,"-30,00",,"6,50"
1/5/2023,,1/5/2023,,Överf Mobil,,"-100,00",,"36,50"
1/2/2023,,1/2/2023,,HS 17136480,,"-894,00",,"136,50"
12/28/2022,,12/28/2022,,ACTIC,,"-359,00",,"1 030,50"
12/28/2022,,12/28/2022,,RÄDDA BARNEN,,"-225,00",,"1 389,50"
12/24/2022,,12/24/2022,,Stadshypoteket,,"1 000,00",,"1 614,50"
12/24/2022,,12/24/2022,,RäddaBarnen,,"250,00",,"614,50"
12/24/2022,,12/24/2022,,Actic,,"359,00",,"364,50"
12/16/2022,,12/16/2022,,,,"-274 000,00",,"5,50"
12/16/2022,,12/16/2022,,LÅNEUTBET,,"274 000,00",,"274 005,50"
12/15/2022,,12/15/2022,,Överf Mobil,,"-15,00",,"5,50"
12/5/2022,,12/5/2022,,Överf Mobil,,"-1,00",,"20,50"
12/5/2022,,12/5/2022,,Överf Mobil,,"-30,00",,"21,50"
12/1/2022,,12/1/2022,,Utlägg,,"-100,00",,"51,50"
12/1/2022,,12/1/2022,,HS 17136480,,"-894,00",,"151,50"
11/28/2022,,11/28/2022,,ACTIC,,"-359,00",,"1 045,50"
11/28/2022,,11/28/2022,,RÄDDA BARNEN,,"-225,00",,"1 404,50"
11/25/2022,,11/25/2022,,Stadshypoteket,,"1 000,00",,"1 629,50"
11/25/2022,,11/25/2022,,RäddaBarnen,,"250,00",,"629,50"
11/25/2022,,11/25/2022,,Actic,,"359,00",,"379,50"
11/11/2022,,11/11/2022,,Överf Mobil,,"-25,00",,"20,50"
11/9/2022,,11/9/2022,,Överf Mobil,,"-55,00",,"45,50"
11/8/2022,,11/8/2022,,Överf Mobil,,"-36,00",,"100,50"
11/1/2022,,11/1/2022,,HS 17136480,,"-894,00",,"136,50"
10/28/2022,,10/28/2022,,ACTIC,,"-359,00",,"1 030,50"
10/28/2022,,10/28/2022,,RÄDDA BARNEN,,"-225,00",,"1 389,50"
10/25/2022,,10/25/2022,,Stadshypoteket,,"1 000,00",,"1 614,50"
10/25/2022,,10/25/2022,,RäddaBarnen,,"250,00",,"614,50"
10/25/2022,,10/25/2022,,Actic,,"359,00",,"364,50"
10/13/2022,,10/13/2022,,Överf Mobil,,"-30,00",,"5,50"
10/13/2022,,10/13/2022,,MatExtra,,"-100,00",,"35,50"
10/3/2022,,10/3/2022,,HS 17136480,,"-665,00",,"135,50"
9/29/2022,,9/29/2022,,Överf Mobil,,"-25,00",,"800,50"
9/28/2022,,9/28/2022,,ACTIC,,"-359,00",,"825,50"
9/28/2022,,9/28/2022,,RÄDDA BARNEN,,"-225,00",,"1 184,50"
9/23/2022,,9/23/2022,,RäddaBarnen,,"250,00",,"1 409,50"
9/23/2022,,9/23/2022,,Actic,,"459,00",,"1 159,50"
9/23/2022,,9/23/2022,,Stadshypoteket,,"700,00",,"700,50"
9/15/2022,,9/15/2022,,Mat,,"-100,00",,"0,50"
9/15/2022,,9/15/2022,,Överf Mobil,,"-59,00",,"100,50"
9/1/2022,,9/1/2022,,HS 17136480,,"-665,00",,"159,50"
8/29/2022,,8/29/2022,,Överf Mobil,,"-10,00",,"824,50"
8/29/2022,,8/29/2022,,ACTIC,,"-359,00",,"834,50"
8/29/2022,,8/29/2022,,RÄDDA BARNEN,,"-225,00",,"1 193,50"
8/25/2022,,8/25/2022,,Stadshypoteket,,"700,00",,"1 418,50"
8/25/2022,,8/25/2022,,RäddaBarnen,,"250,00",,"718,50"
8/25/2022,,8/25/2022,,ActicNySumma,,"459,00",,"468,50"
8/12/2022,,8/12/2022,,Överf Mobil,,"-9,00",,"9,50"
8/8/2022,,8/8/2022,,Överf Mobil,,"-100,00",,"18,50"
8/8/2022,,8/8/2022,,Rituals,,"-450,00",,"118,50"
8/4/2022,,8/4/2022,,Överf Mobil,,"-100,00",,"568,50"
8/1/2022,,8/1/2022,,HS 17136480,,"-665,00",,"668,50"
7/29/2022,,7/29/2022,,Stadshypoteket,,"700,00",,"1 333,50"
7/28/2022,,7/28/2022,,ACTIC,,"-458,00",,"633,50"
7/28/2022,,7/28/2022,,RÄDDA BARNEN,,"-225,00",,"1 091,50"
7/25/2022,,7/25/2022,,Actic,,"359,00",,"1 316,50"
7/25/2022,,7/25/2022,,RäddaBarnen,,"250,00",,"957,50"
7/25/2022,,7/25/2022,,Stadshypoteket,,"700,00",,"707,50"
7/3/2022,,7/3/2022,,Överf Mobil,,"-20,00",,"7,50"
7/1/2022,,7/1/2022,,HS 17136480,,"-498,00",,"27,50"
6/28/2022,,6/28/2022,,ACTIC,,"-359,00",,"525,50"
6/28/2022,,6/28/2022,,RÄDDA BARNEN,,"-225,00",,"884,50"
6/23/2022,,6/23/2022,,Stadshypoteket,,"500,00",,"1 109,50"
6/23/2022,,6/23/2022,,Actic,,"359,00",,"609,50"
6/23/2022,,6/23/2022,,RäddaBarnen,,"250,00",,"250,50"
6/10/2022,,6/10/2022,,Överf Mobil,,"-97,00",,"0,50"
6/10/2022,,6/10/2022,,Överf Mobil,,"-100,00",,"97,50"
6/10/2022,,6/10/2022,,FrånSkatteåter,,"-1 000,00",,"197,50"
6/10/2022,,6/10/2022,,Överf Mobil,,"-300,00",,"1 197,50"
6/9/2022,,6/9/2022,,PyretLunch,,"-300,00",,"1 497,50"
6/9/2022,,6/9/2022,,Överf Mobil,,"-100,00",,"1 797,50"
6/8/2022,,6/8/2022,,SK7612184916,,"1 819,00",,"1 897,50"
6/1/2022,,6/1/2022,,HS 17136480,,"-498,00",,"78,50"
5/31/2022,,5/31/2022,,Agria Djurförs,,"-3 856,00",,"576,50"
5/30/2022,,5/30/2022,,ACTIC,,"-359,00",,"4 432,50"
5/30/2022,,5/30/2022,,RÄDDA BARNEN,,"-225,00",,"4 791,50"
5/25/2022,,5/25/2022,,Kattförsäkring,,"3 900,00",,"5 016,50"
5/25/2022,,5/25/2022,,Stadshypoteket,,"500,00",,"1 116,50"
5/25/2022,,5/25/2022,,Actic,,"359,00",,"616,50"
5/25/2022,,5/25/2022,,RäddaBarnen,,"250,00",,"257,50"
5/8/2022,,5/8/2022,,Överf Mobil,,"-80,00",,"7,50"
5/2/2022,,5/2/2022,,HS 17136480,,"-498,00",,"87,50"
4/28/2022,,4/28/2022,,ACTIC,,"-359,00",,"585,50"
4/28/2022,,4/28/2022,,RÄDDA BARNEN,,"-225,00",,"944,50"
4/26/2022,,4/26/2022,,Överf Mobil,,"-50,00",,"1 169,50"
4/25/2022,,4/25/2022,,Stadshypoteket,,"600,00",,"1 219,50"
4/25/2022,,4/25/2022,,RäddaBarnen,,"250,00",,"619,50"
4/25/2022,,4/25/2022,,Actic,,"359,00",,"369,50"
4/21/2022,,4/21/2022,,Överf Mobil,,"-9,00",,"10,50"
4/21/2022,,4/21/2022,,Överf Mobil,,"-9,00",,"19,50"
4/6/2022,,4/6/2022,,Överf Mobil,,"-45,00",,"28,50"
4/6/2022,,4/6/2022,,ExtrapengGåva,,"-3 000,00",,"73,50"
4/6/2022,,4/6/2022,,Skatteverket,,"-4 900,00",,"3 073,50"
4/5/2022,,4/5/2022,,SK7408031446,,"7 947,00",,"7 973,50"
4/1/2022,,4/1/2022,,HS 17136480,,"-488,00",,"26,50"
3/31/2022,,3/31/2022,,Medikinet,,"-100,00",,"514,50"
3/28/2022,,3/28/2022,,ACTIC,,"-359,00",,"614,50"
3/28/2022,,3/28/2022,,RÄDDA BARNEN,,"-225,00",,"973,50"
3/26/2022,,3/26/2022,,Stadshypoteket,,"550,00",,"1 198,50"
3/26/2022,,3/26/2022,,RäddaBarnen,,"250,00",,"648,50"
3/26/2022,,3/26/2022,,Actic,,"359,00",,"398,50"
3/1/2022,,3/1/2022,,HS 17136480,,"-488,00",,"39,50"
2/28/2022,,2/28/2022,,Extra,,"-30,00",,"527,50"
2/28/2022,,2/28/2022,,ACTIC,,"-359,00",,"557,50"
2/28/2022,,2/28/2022,,RÄDDA BARNEN,,"-225,00",,"916,50"
2/25/2022,,2/25/2022,,Stadshypoteket,,"500,00",,"1 141,50"
2/25/2022,,2/25/2022,,RäddaBarnen,,"250,00",,"641,50"
2/25/2022,,2/25/2022,,Actic,,"359,00",,"391,50"
2/9/2022,,2/9/2022,,Överf Mobil,,"-25,00",,"32,50"
2/1/2022,,2/1/2022,,HS 17136480,,"-488,00",,"57,50"
1/28/2022,,1/28/2022,,ACTIC,,"-359,00",,"545,50"
1/28/2022,,1/28/2022,,RÄDDA BARNEN,,"-225,00",,"904,50"
1/25/2022,,1/25/2022,,Stadshypoteket,,"500,00",,"1 129,50"
1/25/2022,,1/25/2022,,RäddaBarnen,,"250,00",,"629,50"
1/25/2022,,1/25/2022,,Actic,,"359,00",,"379,50"
1/18/2022,,1/18/2022,,Överf Mobil,,"-20,00",,"20,50"
1/3/2022,,1/3/2022,,HS 17136480,,"-488,00",,"40,50"
